prdgmTab=[
    101	1	3	0
    103	1	3	0
    101	2	3	0
    103	2	3	0
    111	1	1	1
    113	1	1	1
    121	2	1	2
    123	2	1	2
    202	1	3	0
    204	1	3	0
    202	2	3	0
    204	2	3	0
    212	1	1	1
    214	1	1	1
    222	2	1	2
    224	2	1	2
    1	1	3	0
    3	1	3	0
    1	2	3	0
    3	2	3	0
    11	1	1	3
    13	1	1	3
    21	2	1	4
    23	2	1	4
    2	1	3	0
    4	1	3	0
    2	2	3	0
    4	2	3	0
    12	1	1	3
    14	1	1	3
    22	2	1	4
    24	2	1	4
    ];