%Code= CueSide / Dist / TargetSide
% code delay nb discat

tot_list1 = [
    101	1	4	0
    103	1	5	0
    101	2	4	0
    103	2	5	0
    111	1	2	1
    113	1	1	1
    121	2	1	2
    123	2	1	2
    202	1	5	0
    204	1	4	0
    202	2	5	0
    204	2	4	0
    212	1	1	3
    214	1	2	3
    222	2	1	4
    224	2	1	4
    2	1	2	0
    4	1	3	0
    2	2	2	0
    4	2	2	0
    14	1	1	5
    11	1	1	5
    24	2	1	6
    21	2	1	6
    1	1	3	0
    3	1	2	0
    1	2	2	0
    3	2	2	0
    12	1	1	7
    13	1	1	7
    22	2	1	8
    23	2	1	8
    ];

tot_list2=[
    101	1	5	0
    103	1	4	0
    101	2	5	0
    103	2	4	0
    111	1	1	1
    113	1	1	1
    121	2	2	2
    123	2	1	2
    202	1	4	0
    204	1	5	0
    202	2	4	0
    204	2	5	0
    212	1	1	3
    214	1	1	3
    222	2	1	4
    224	2	2	4
    2	1	2	0
    4	1	2	0
    2	2	2	0
    4	2	3	0
    14	1	1	5
    11	1	1	5
    24	2	1	6
    21	2	1	6
    1	1	2	0
    3	1	2	0
    1	2	3	0
    3	2	2	0
    12	1	1	7
    13	1	1	7
    22	2	1	8
    23	2	1	8
    ];